0
1064
1233
2984
3261
3963
4074
3433
3331
1592
1317
-857
-1202
-2980
-3262
-3965
-4076
-3435
-3333
-1594
-1319
855
1200
2978
3260
3963
4074
3433
3331
1592
1317
-857
-1202
-2980
-3262
-3965
-4076
-3435
-3333
-1594
-1319
855
1200
2978
3260
3963
4074
3433
3331
1592
1317
-857
-1202
-2980
-3262
-3965
-4076
-3435
-3333
-1594
-1319
855
1200
2978
3260
3963
4074
3433
3331
1592
1317
-857
-1202
-2980
-3262
-3965
-4076
-3435
-3333
-1594
-1319
855
1200
2978
3260
3963
4074
3433
3331
1592
1317
-857
-1202
-2980
-3261
-3964
-4076
-3435
-3334
-1595
-1319
855
1200
2978
3259
3962
4074
3433
3331
1592
1317
-857
-1202
-2980
-3262
-3965
-4076
-3435
-3334
-1595
-1319
855
1200
2978
3260
3963
4074
3433
3332
1593
1317
-857
-1202
-2980
-3261
-3964
-4076
-3435
-3334
-1595
-1319
855
1200
2978
3260
3963
4074
3433
3331
1592
1317
-857
-1202
-2980
-3262
-3965
-4076
-3435
-3333
-1594
-1319
855
1200
2978
3260
3963
4074
3433
3332
1593
1317
-857
-1202
-2980
-3261
-3964
-4076
-3435
-3333
-1594
-1319
855
1200
2978
3259
3962
4074
3433
3332
1593
1317
-857
-1202
-2980
-3261
-3964
-4076
-3435
-3333
-1594
-1319
-210
-34
