0
1064
1233
2957
3230
3888
3991
3333
3229
1505
1232
-898
-1236
-2959
-3232
-3890
-3994
-3336
-3231
-1508
-1235
895
1233
2957
3230
3888
3991
3333
3229
1505
1232
-898
-1236
-2959
-3232
-3890
-3994
-3336
-3231
-1508
-1235
895
1233
2957
3230
3888
3992
3334
3229
1505
1233
-897
-1236
-2959
-3232
-3890
-3994
-3336
-3231
-1508
-1235
895
1233
2957
3230
3888
3992
3334
3229
1505
1232
-898
-1236
-2959
-3232
-3890
-3994
-3336
-3231
-1508
-1235
895
1233
2957
3230
3888
3991
3333
3229
1505
1232
-898
-1235
-2958
-3231
-3889
-3994
-3336
-3232
-1509
-1236
894
1233
2957
3229
3887
3991
3333
3229
1505
1232
-898
-1236
-2959
-3232
-3890
-3994
-3336
-3232
-1509
-1235
895
1232
2956
3230
3888
3992
3334
3230
1506
1232
-898
-1235
-2958
-3231
-3889
-3994
-3336
-3232
-1509
-1235
895
1233
2957
3230
3888
3991
3333
3229
1505
1233
-897
-1236
-2959
-3232
-3890
-3994
-3336
-3231
-1508
-1235
895
1232
2956
3230
3888
3992
3334
3230
1506
1232
-898
-1236
-2959
-3231
-3889
-3994
-3336
-3231
-1508
-1235
895
1233
2957
3229
3887
3991
3333
3230
1506
1233
-897
-1236
-2959
-3231
-3889
-3994
-3336
-3231
-1508
-1236
