0
1064
1233
2983
3260
3963
4073
3432
3331
1591
1316
-858
-1203
-2980
-3262
-3966
-4077
-3436
-3335
-1595
-1319
855
1200
2978
3260
3963
4073
3432
3331
1591
1316
-858
-1203
-2980
-3262
-3966
-4077
-3436
-3335
-1595
-1319
855
1200
2978
3260
3963
4074
3433
3331
1591
1316
-858
-1203
-2980
-3262
-3966
-4077
-3436
-3335
-1595
-1319
855
1200
2978
3260
3963
4074
3433
3331
1591
1316
-858
-1203
-2980
-3262
-3966
-4077
-3436
-3335
-1595
-1319
855
1200
2978
3260
3963
4073
3432
3331
1591
1316
-858
-1203
-2980
-3262
-3966
-4077
-3436
-3335
-1595
-1319
855
1200
2978
3259
3962
4073
3432
3331
1591
1316
-858
-1203
-2980
-3262
-3966
-4077
-3436
-3335
-1595
-1319
855
1200
2978
3260
3963
4074
3433
3332
1592
1316
-858
-1203
-2980
-3262
-3966
-4077
-3436
-3335
-1595
-1319
855
1200
2978
3260
3963
4073
3432
3331
1591
1316
-858
-1203
-2980
-3262
-3966
-4077
-3436
-3335
-1595
-1319
855
1200
2978
3260
3963
4074
3433
3332
1592
1316
-858
-1203
-2980
-3262
-3966
-4077
-3436
-3335
-1595
-1319
855
1200
2978
3259
3962
4073
3432
3332
1592
1316
-858
-1203
-2980
-3262
-3966
-4077
-3436
-3335
-1595
-1319
